
######################
Circuit: qft13
architecture: comb13
Execution time is 1.4672009205127978e6
Number of shuttling is 4691
Number of phonons per core are
Core11: 2509.601023853614
Core3: 3693.144275904853
Core1: 3588.3318766950365
Core8: 2177.5947222626105
Core2: 2668.0168076147315
Core10: 1348.183846725075
Core9: 1915.5127226934098
Core7: 3717.464040530578
Core4: 2226.361994520839
Core12: 2075.854992795303
Core6: 2384.071461386168
Core5: 3544.1749419435405
Core13: 3091.2472930741146
흰색_확인_표시
두_눈
두_손을_들고_있는_사람





10:21
Circuit: qft11
architecture: comb11
Execution time is 1.773278023076911e6
Number of shuttling is 5084
Number of phonons per core are
Core11: 4066.5665650835294
Core3: 2348.2225395402565
Core1: 2711.9341576899624
Core8: 3443.489514148766
Core2: 4698.786759938709
Core10: 4336.250863075551
Core9: 2666.479032818821
Core7: 3734.0748031602193
Core4: 4739.502526259235
Core6: 2608.977422959769
Core5: 1940.3558153250735
 *  Terminal will be reused by tasks, press any key to close it.
